	A1	A2	A3	B1	B2	B3
gene_0	0.598340734803675	15.00386947792856	4.7966680024015185	11.92794320023002	5.8152600430586645	4.0895710558817795
gene_1	7.346811546192401	8.829257401186277	19.264796268664835	6.0421065562010545	35.08934172640536	21.615655706069873
gene_2	5.851599686504036	21.933192215883828	46.11710499154473	21.358319036665925	5.947482231893922	2.8554828652764996
gene_3	3.4917866030277542	38.37300264524051	13.806071288397316	0.5503939288469653	13.115196802197747	14.328397967541742
gene_4	5.233040502864773	9.406839285358918	5.72089507254368	30.284645841290676	24.807900156367772	4.821137163508229
gene_5	12.109504559630885	10.488444465858306	19.500615728402295	17.07860475373754	9.454780667891855	6.209262445969241
gene_6	7.686445260276223	3.6782082796270528	8.387469907504721	11.506935875409676	2.4950907971795466	23.95199907821828
gene_7	21.906468074605684	17.28142514796627	7.408684623159116	6.460500792007586	8.335324622141606	2.558784308006359
gene_8	13.286268788505971	2.0001722702060727	7.880294045291692	9.250928400276305	1.2934040034133383	0.2685806418274109
gene_9	30.24797232088766	12.169974217031525	35.971969390451115	14.418736206540812	1.9689478324625407	8.481389484736225
gene_10	9.75413653252923	14.21694927663422	27.893813378869808	44.794048911404005	5.3012039799571955	21.17709663367277
gene_11	5.429585252491479	10.45120016502717	5.371332212696492	18.18874771832607	23.71777426132978	6.97525992564986
gene_12	21.87804878673246	11.182329276609666	41.01651815394191	22.81582262155017	2.953996351765806	23.927944433079173
gene_13	7.858045806186421	13.012995800486047	33.242776735393306	9.383420866714555	27.03469618657547	18.80149488398506
gene_14	15.238066357283188	5.6981047515426475	3.0735839803633014	24.042273733353817	0.20577773167403277	1.3190878194132543
gene_15	8.94336416498276	21.896249109369776	16.389005320486717	9.20028876630381	2.5475140764584046	12.357394470021497
gene_16	58.75993633773077	4.365212575925611	12.940714279776	1.98950530228544	1.704899429394895	20.165947397993946
gene_17	12.523131391520321	48.278843541033766	7.254402790572273	4.416092823817424	4.28841584504914	30.716307996072437
gene_18	18.07492911351465	11.79900437089737	9.89837996391793	14.74616603134747	5.3785744909627295	13.228813913626315
gene_19	7.270612066736382	57.4294308883463	0.7422250593594317	13.153275436553981	20.357586109883897	7.3515369151314625
gene_20	25.38822312395569	8.432083682520684	2.332181652532202	2.228201889136355	2.2092405910686947	11.520351286189289
gene_21	15.1970483602425	13.689317613381187	15.236890771035434	2.4151014220234837	7.427760611513163	32.096820416442824
gene_22	3.3693651832319196	17.983328984931482	34.85352813417048	23.62056169972666	11.321932954059877	7.779248951908418
gene_23	18.35521193031888	3.80602863942286	29.592161717101714	0.35523288284760846	25.459601659019782	45.703130577034806
gene_24	3.4033549954408198	2.562186764866216	4.893653765669272	29.015940934303906	14.683082762015626	13.835361447712152
gene_25	22.211186291674462	13.615494659269993	30.824380282109818	17.303513009411006	25.427934831854987	18.804124311242564
gene_26	5.522539138371058	0.7265623661353837	1.5736781499963146	11.174543688109353	23.646808169241357	0.8281753456843312
gene_27	3.015644763665988	2.7613075042656297	19.40767696046024	1.8173012558737498	18.929868183047144	25.79325850970673
gene_28	3.533125898557878	66.76315052951144	23.344315123784313	11.770771217121876	22.1417084350364	16.898204544776327
gene_29	3.3890787794877304	23.036951197752376	21.022798060176903	8.419617866720152	21.212410574550535	11.269627205089346
gene_30	23.140631382813513	3.009352824158455	9.597630479046451	3.53622196988487	12.232280326000112	32.371649762202786
gene_31	15.116220692911055	10.280024392530384	20.70095842342688	38.19529477374732	28.921058878192586	27.93481980959897
gene_32	12.851756622908226	10.756552834167508	28.937628548967552	8.869621199191196	26.145606063610416	2.0494549618336393
gene_33	22.87846743795715	12.891743056621543	8.363999178260627	19.068025259582452	3.423084365925193	7.703639669941023
gene_34	5.013605174378175	9.031149470732036	6.0560183619091825	80.11815718124623	10.335951828459093	33.975949925535474
gene_35	13.369824073189653	16.99029779100173	4.544860316328794	5.959678780059826	16.339893046618705	4.934885364461795
gene_36	13.466622650217502	16.932769829995383	4.067599088300803	24.336623802632687	13.574962071426215	5.454092653427045
gene_37	6.282423823121613	24.663854302750565	4.912663983836491	11.705235977871054	28.31163414684521	3.0201033776842108
gene_38	6.2285585401569215	18.02665412137823	38.93717399853536	22.628131439239226	18.35007624310624	6.642606029685336
gene_39	32.963275416656714	4.141432624557414	2.9616361652532937	9.180070328199267	3.2343115332666765	6.603991864614662
gene_40	2.969193819091699	19.454118312554385	3.8261137561532657	16.41372210774285	19.015000826596342	20.598013062946215
gene_41	11.723282996425308	26.16175486190256	35.91597366064349	27.88057595336191	8.122250484188458	10.172749169469082
gene_42	8.029392437634721	17.399212168450774	8.141333163807156	36.78234886995085	0.7076665672966341	4.973495361698558
gene_43	7.693692020642759	24.754243498206176	8.699571978459872	1.5104536433222941	3.538556994949247	12.251586078944781
gene_44	7.580420714650886	13.703900548521819	10.077749642971618	3.62362886036271	2.9853491923094753	9.621644151706992
gene_45	6.748480167341975	0.46015741299659324	20.27282526063361	4.767639149216181	7.488729511617288	6.471097498177366
gene_46	6.0441708003687395	13.047441162767976	13.380465795822197	41.79550603509256	0.9380028110309722	28.11494803188728
gene_47	15.913534696624826	12.095733756230075	15.857897473158273	17.036360448436106	7.854018027891626	2.6684627142197757
gene_48	0.34970040383213863	27.343820553607475	3.448889463945779	20.90490847050527	27.01126354274983	10.308303043599158
gene_49	22.635479213361	3.197476128066582	9.732088067900085	33.099807921085464	7.752666935785645	12.3216544563804
gene_50	11.454971086745857	15.083974553959205	15.075731031241302	4.405375331006488	17.95003610619295	22.07180602589378
gene_51	9.884986575166272	6.718785641271243	3.7254286098015212	32.87733429279862	11.814484391015492	7.62709753137491
gene_52	11.013296083591078	2.186942067724114	29.19565118047631	16.315301713419878	14.528192564780332	24.819577387537286
gene_53	1.6623365869684568	23.80863370728396	20.10711147712177	7.114012898547031	16.97621954669825	3.8267815295487573
gene_54	2.5500868943433357	4.815939074075956	7.764742901301405	31.36534693818918	3.7530081791866006	4.065469291302328
gene_55	25.676540632142064	11.33784351396102	32.53158642459994	13.235372048354076	12.447492400483657	4.834391311580647
gene_56	12.400559270025155	3.2663904885491557	10.708633475785557	6.988873128427516	1.1536068766410759	39.482218788739395
gene_57	25.021009759743787	4.021721211176887	16.66797492800629	6.411188744183991	1.2374942088689531	3.2410936314272956
gene_58	11.088797460066848	3.419374308472449	5.313488605338232	13.713658762050912	19.450005584923193	13.18901423073726
gene_59	18.915025380602447	3.5534880274111624	12.397742164669413	1.3401557922255416	2.5012365215540604	5.877546887324837
gene_60	23.31059967428876	11.948117864613012	24.15300208064646	23.47764636684999	17.681452000884008	28.134886885297462
gene_61	15.865493347911475	12.269890199674832	24.249963113758916	17.77198707038753	10.27344741231624	17.53862343822457
gene_62	22.05112681023253	9.535769996046628	27.3370519781118	13.496290565683132	0.015417832769770797	3.341283284572338
gene_63	6.467149882752326	3.642558977996771	7.933113421955374	6.708838678931915	16.582369324747063	44.48793386739765
gene_64	1.1227815996045067	29.482424359654694	44.38665361386419	1.7693091908972813	12.0420594695044	23.947475315087647
gene_65	12.614199077063066	14.509621688554986	17.39176400611481	37.18426365252143	11.897778292054497	4.245072121076171
gene_66	30.56887787211856	8.995840724397436	6.990381518016861	28.095930352022293	16.85497881056913	9.9022736025608
gene_67	18.32198613262619	26.907309448508965	18.49408626878882	2.5282909550172046	5.882690334851422	3.894867080058972
gene_68	13.207060392588044	2.9622214089826016	21.796156091726864	17.21732271302786	1.0405283258556546	39.47526215673639
gene_69	2.8620871777207175	31.56962174599798	26.362494154380126	5.762515993062634	15.990109432279704	1.1602622628835473
gene_70	9.451081566112903	11.219760699552479	45.904305677460584	36.309521040278256	4.367812742285839	28.50865613543551
gene_71	6.6978717796554355	25.390228148689168	26.3805816815983	3.630579538702353	7.9409882315485	16.976512774084686
gene_72	13.819666329473426	8.332809045015017	2.4399468252263947	4.377749291363834	35.0923705845246	13.52588014537428
gene_73	14.138839711995363	21.812181356877144	14.305821040418918	5.780861148168356	1.680932945303043	5.0339202246857955
gene_74	11.494717301137158	20.061876050851257	0.35397524569425914	4.386869517247946	0.6475125309999384	9.802248762464325
gene_75	5.417599867733983	34.056013568503765	13.833524142215632	25.437127742313173	22.625389817726465	5.332512703836771
gene_76	15.453607707074386	20.64202850403192	11.714840428309497	22.515228456772096	27.80119533894842	1.9050859853412687
gene_77	70.58098397606582	21.0573716080015	55.55727040360034	10.681085079528616	5.764198243472843	9.461476144385758
gene_78	2.4109424828214907	25.015142945085525	51.56240557732153	9.22457715849886	2.591630999182042	2.3667507915764285
gene_79	8.961369770427027	5.061763586502918	31.868024524851197	17.77043265042277	21.33905790795627	34.273421334621844
gene_80	20.739338250922273	1.3457680097745652	6.479715962656356	10.369224334435359	10.238986837656231	12.85384586672681
gene_81	56.31736135353773	10.7738799691269	8.702131982863573	8.98333146009255	12.529014409492733	8.676104575415438
gene_82	23.650633269708052	21.88902959247658	27.625577528424138	9.435990580997021	12.188509100269776	18.55276064347702
gene_83	69.89237240978264	23.31657446623352	0.2931907058183902	12.970799155448592	41.62760389030851	3.211903178006942
gene_84	0.20943487570991695	31.288570311759898	20.819896244707653	3.125531736232144	5.45176617932861	18.5284286583561
gene_85	7.826371001070074	48.815888081986685	8.496384487788276	19.489613664269825	25.610210315000245	5.932875089306366
gene_86	22.637589253388732	17.24506457425787	26.872649127134814	7.62425621831449	2.3542523916525195	7.029065609512104
gene_87	9.575504633634264	25.626025786775294	3.40942715322891	15.583619265703996	14.273715444609781	1.1938405146655586
gene_88	11.522362136106779	18.16572378801829	4.4653619019614466	5.958622379743709	12.402708355606446	5.459200055967735
gene_89	14.386146803191053	2.2987324327460965	6.173647441549947	3.6189510504683358	18.33358430459963	28.748559362806144
gene_90	4.172402328289852	13.439035823318122	15.396807315960823	14.685019390294165	9.193117565786327	4.945796561866797
gene_91	9.565922459228215	4.198669765801865	24.790886769535298	6.6233306636914	27.752644999532965	4.127532021794283
gene_92	9.565083363402639	15.205974600996058	42.77291702637303	7.867077953682232	24.743837872924427	20.056286251928604
gene_93	14.977713845016314	4.009096763617509	29.097152924598632	10.807197019304017	14.217731561616135	18.362757161491075
gene_94	29.3695483889721	41.76601659893894	6.869010336785566	7.192918431970354	2.7825754757484757	12.285055202219532
gene_95	11.076947208285981	3.4403813410181012	2.5028494001197465	15.729891255155739	17.398161467229922	3.1979211917390367
gene_96	22.221336675801425	8.018718467475582	11.239711943652217	3.994664020464535	3.5054481746262924	29.05473399709226
gene_97	30.947996258214893	1.2711083373878032	13.825909420485388	21.117364094000408	7.818887742610752	8.349682417232462
gene_98	4.031346594796761	9.6467275513889	32.21357343223401	14.895151342788335	5.483242539747106	45.60239180458626
gene_99	6.153976647572291	16.50005333794533	10.698146760456794	14.890410544557252	8.394807451896614	13.430968704844968
gene_100	0.13208873414338987	13.130731267781357	0.18394303063089057	22.759631430427063	2.2198004472135673	13.280292703075869
gene_101	32.01442985524794	18.5428298403506	18.50443541985378	24.40513157370935	1.9786563407423865	22.07033081757901
gene_102	4.881054811734838	7.67482616917899	4.568391157574489	2.065621849364655	16.28925744689155	21.92636234127914
gene_103	9.240990037481101	9.209737035150612	14.894977096041712	10.78142705380937	23.299512177546617	3.2216273721346926
gene_104	20.302437750080166	11.037707673943665	12.102566431265686	7.428752338357629	17.53761272981953	6.0652194576256315
gene_105	22.98672983494908	98.72571104277591	27.08154762052992	8.329115642183817	6.261381269020033	16.57618012428469
gene_106	8.984243040626904	2.3716482590891683	1.701736948934015	11.194388822487157	11.01641774622691	21.923212955436465
gene_107	4.794953176615981	41.17182027759115	31.577039326765913	7.005359176050857	22.52608254645681	9.999100092805234
gene_108	10.806814381447067	81.24864267044019	28.559413078908264	1.262980811307296	16.63810723935826	3.0872660862664785
gene_109	14.148015549119409	8.858608060370518	0.7615362041686612	6.63336995777385	24.009063961701003	15.786800467271506
gene_110	7.414581966993112	17.193077348181507	21.080226264307967	12.410164752824087	21.068079760252594	15.960337410211704
gene_111	11.005335308094974	4.469966383556522	14.016870515135304	37.89561953021579	1.9595564089146924	34.429759379890655
gene_112	3.02056108095287	0.1262281318026217	5.370987537263119	3.418331080279635	29.60545481401203	4.535091173278831
gene_113	28.632789088179567	15.726816261993338	5.567803334406748	4.614141436184945	17.28222757025052	24.400885399458616
gene_114	36.58936625635077	18.32690437743008	7.607092573561095	4.201614036428214	3.1280381516788363	7.8503881639547055
gene_115	23.630796977614132	3.472495375903428	13.656765466763046	8.600262212454513	25.917268003540958	19.756527192350127
gene_116	11.741304370847406	0.9594728693758376	34.129451361065954	5.153658518596201	9.397804814875263	19.86026617689544
gene_117	6.504952805080412	15.405409404988005	19.244848995891243	5.020389652668225	31.972346471414006	10.526085009146772
gene_118	8.841596003997878	28.762120514190073	3.5031016279429923	23.77789250069148	6.306775443235314	14.713054423330327
gene_119	76.66182334785243	9.39144756604966	7.200604913874486	25.23362446361268	15.368042881847702	24.703488318784377
gene_120	1.2700425617651425	33.151175238838185	8.726002875784292	12.716337222100314	32.90796018925239	33.70406116729092
gene_121	16.173755393246484	14.92123520411322	11.504853844028988	26.29619581186433	46.01813649277083	22.496398636811946
gene_122	20.87925157270949	2.9175671948921504	13.11805225543222	10.023202081147275	6.99827154792512	10.519397707541236
gene_123	20.32554275053497	19.280192375572234	5.007680359322281	4.773537220115358	29.553085656311758	25.940392129255464
gene_124	6.834614748888842	22.638584364737177	7.6818925039805865	12.10888193901441	8.635671424545809	26.601078610801633
gene_125	10.916525674463955	19.702968091238183	3.611162635823545	10.614357299039384	13.314300011803152	33.88412114103788
gene_126	21.474580761191856	16.09428967590653	1.6734286979794484	43.18437463010526	19.926741108549407	7.999885468396856
gene_127	0.5457284076877614	10.146192644509176	11.540720703813676	5.439541116122214	21.67807476133822	1.531106506832038
gene_128	4.98061092340389	30.876211013398382	26.203978639332746	27.367465657339345	3.7826008077045636	45.2381425615555
gene_129	19.58590356166794	9.322039589925682	2.841517276333519	48.896870413526244	2.7057726920831455	8.165874655726814
gene_130	13.979599986492461	3.4523785737779367	1.0425355299551173	6.584379952273901	9.486446251413199	18.1437340534471
gene_131	6.637238183512773	9.70648848122471	10.70792841927223	29.615244597214627	28.39560513098504	13.344937031241336
gene_132	15.620789048349092	54.965875030515285	7.716127390516265	18.498542604609113	4.360222360110573	11.585081657984277
gene_133	10.93105772317237	11.939386317975707	11.049570772972128	18.349716925063237	10.813338053742665	7.78409637613791
gene_134	8.499544008390089	22.172260183846014	19.142236560241063	9.609879549970936	11.012384843620218	10.006192464344199
gene_135	4.403725905712623	8.209662580455921	19.260314031954742	12.832790143353094	6.976473432651714	1.628362348321368
gene_136	32.63977453606439	33.18277977269465	11.28139462954065	20.506671984432092	13.454315903147009	11.92134528105974
gene_137	15.275807851775582	12.558921203727788	6.479805331863994	9.430083924338406	22.344084082721555	57.96075007121593
gene_138	3.467452883024512	7.5501459232987935	1.515023190794528	8.00646931130937	6.606262987271947	16.006169755438265
gene_139	10.811830069637452	6.635448646923177	1.136261222342287	30.459331490975234	28.537709187456052	8.907189578232797
gene_140	19.081089984489214	0.7232647629777853	34.07571407192472	30.909392371878923	27.351509401792356	4.798139223192329
gene_141	21.393960977437445	26.841847984886723	21.764711826836454	18.42796594562795	10.775568927216998	12.761617860025323
gene_142	19.70100734220995	7.7200476535898845	31.01191037570601	3.185961364902375	20.88916142557194	8.505766762648497
gene_143	19.195283327520187	2.887516755609213	20.9118049265279	15.189886471103051	1.199967301507224	9.725171109890107
gene_144	9.767239166939166	35.41363792149941	2.5018543812192826	26.752318243143943	6.436828379455058	8.314966176118347
gene_145	5.1624795708238995	2.4885225999885012	36.00816344322072	33.90813930884002	6.59792129943383	9.158059782685553
gene_146	21.713801773896407	7.310513258165389	46.19178108377983	3.7755679397084174	6.109452794635736	6.526799051645846
gene_147	13.346690431518509	22.83782955547798	7.253979316063221	28.40439493607296	4.991810561373033	1.6914838069103955
gene_148	10.65551871120877	19.144532257661773	5.79473284453533	7.642631102541398	15.067239701424409	5.509180853961377
gene_149	24.632309952077527	30.36742232829504	41.14729789963249	14.295264597004206	17.9587384038919	27.12340409857433
gene_150	18.079483136181867	16.41842371318708	4.816860889262666	28.78799139903681	1.1475534094911166	8.546282914391032
gene_151	6.505612420244144	27.375615678450274	5.202520520434248	4.724351935766777	27.586125508455535	26.799827303156547
gene_152	32.492841538524836	0.3069207812375072	5.870460488375299	10.981160236570096	10.137416167191663	2.375624520266698
gene_153	17.894985639729608	0.7002306118598445	9.006867566435032	25.977667174016766	6.076356598868142	14.947290415389283
gene_154	3.6242759358616845	11.050271566781086	23.174828120761575	9.31071334840383	12.846295511565721	11.576374070535884
gene_155	1.9349217130948255	4.447444284350285	1.7006241780596456	10.848026773141042	17.849909942399936	15.705247508761087
gene_156	24.786644850515536	12.071065683325577	4.201959787587615	13.867159451023275	19.1834724511271	23.538943135896982
gene_157	8.723582804357383	56.319962569848386	3.495115582230998	25.450579073170076	24.96692263096196	11.867446694032475
gene_158	22.697231186851866	42.85575077596383	21.87807058417627	25.536091254843306	19.29903956916043	23.106488989997892
gene_159	12.90212975641971	39.682453417910224	2.3679107873126837	4.435461057924813	25.067552111800843	1.0769321827227691
gene_160	4.964910940497394	12.091513171856178	6.5636666304375355	7.321607115658523	7.720546303447811	23.530074368748835
gene_161	2.015823887917105	7.48527445212686	5.447893288827524	22.29297443682574	7.708842605998424	21.82072358244605
gene_162	17.46543895779143	3.0713003487255457	27.448467633292513	25.53094880645545	32.45535466644169	29.846412412386186
gene_163	10.988076285694584	4.168598504372988	21.181859709262376	5.980401119613522	11.39454873629582	0.5947184377258293
gene_164	52.48605255813067	11.199722484627738	3.4080313494938217	8.114575464726567	4.2561147143307	13.970017566953468
gene_165	15.352046779036177	5.929257642451641	3.807947818465925	8.415949948093907	5.81375326406362	23.291668023278728
gene_166	12.475584024748885	6.134920333676137	4.46115985959597	20.89175173605158	22.5376895810162	25.773702262916647
gene_167	31.451709606896905	26.7096867113272	9.272269601738278	28.109070290944395	2.5946846500012626	17.970304334292738
gene_168	9.557335175709929	11.725009793843126	29.585941576884586	6.0040471797662835	14.317196363278747	4.192635467595528
gene_169	42.026852509232825	22.637126855981062	24.39650334889183	12.07533053184066	2.6397753787662133	19.6012489097485
gene_170	20.987717924101567	30.373273920462815	3.0277967779462287	3.2104008089872615	19.832131267663424	18.036690632624534
gene_171	11.591759418750433	37.1987432240639	5.755632719644733	1.2315341739835488	2.2541356955470313	6.127147402298714
gene_172	12.673830572137765	13.983289028540932	15.356377998786712	24.96936435244901	46.99837336343747	14.022739699186076
gene_173	17.830227769711072	6.74735842637525	16.8235767204865	13.881722545328024	2.6579685377538005	4.502710021560536
gene_174	6.115433832873443	6.831491192089509	11.10543572210798	19.820498274619155	6.294814371782933	5.2042701272506475
gene_175	32.24996638185911	8.555083282544055	23.106662052646637	48.18266067130026	7.982251356612423	2.1999426018277433
gene_176	15.537594413878033	5.240112708960459	2.636920833726828	8.422319700413627	14.061648239692495	12.10466048647172
gene_177	15.431980265373255	28.027257920053287	32.25599493608278	8.904584315429728	26.920874873054423	22.57309087084744
gene_178	15.437857481599144	9.03398566799374	15.026935364269816	16.575110207563817	28.74222952909822	7.5826370891193235
gene_179	10.50394422366757	5.717477598479875	4.180898392819377	27.94654926564411	1.3610485100971295	5.498702654605285
gene_180	2.727934572901497	20.05031536742072	20.331681284975545	6.164421554318063	2.3212407293019313	30.787132462023266
gene_181	6.0889678303620975	30.884621568968903	24.252797332839023	25.448748007208287	10.56614107824293	35.95598962293294
gene_182	8.285809719466583	12.45392656279594	38.16377581408858	15.203172755266172	31.277846969420324	19.618623826422134
gene_183	20.10880748350008	3.5457629536545894	13.297905322436662	24.032595873995252	12.525735876804998	8.670157540964139
gene_184	0.3516202997084942	21.93681545572983	13.476743677235843	8.857983648276473	27.9480540135419	24.438831167507615
gene_185	7.566246968115019	20.29976662411807	8.091506451758189	5.849935925523656	1.3212740443812008	2.864450644489165
gene_186	4.077996057038286	16.57397245260452	14.016165391080463	7.732462471627021	57.37211709726872	4.671203858505435
gene_187	5.335075129751612	8.103311965164613	6.465314777620248	1.6830620165330366	1.4715808077920343	4.599087938192724
gene_188	7.926104684674912	19.29113473037055	28.25675237941053	55.52919598830968	18.871464285248642	12.241228946382105
gene_189	17.906489891532267	26.23740468436964	4.929237902505975	23.410825517195878	9.521229748147492	9.672404695265568
gene_190	14.750278649761768	23.936725800901726	2.4251738057495458	9.576871032791264	0.3357343164376591	7.682074234711747
gene_191	6.687280342705769	1.059390767852582	13.736256557551446	0.3599285213494534	17.98723872574482	4.6588801536921824
gene_192	8.900132315762546	3.5988268808941464	13.314120314106535	28.114616399700623	22.729710491707408	17.05079883485698
gene_193	2.56529265943394	17.191189601832416	24.004199088305846	36.054379074456925	32.98842496833505	12.70274956989965
gene_194	2.5740898644928043	20.645176549144967	31.211778923956203	1.279716718524543	33.34953865142728	13.85303706233307
gene_195	13.1171023211529	7.662498362455731	21.22326004551391	14.919622553386244	5.867896179831872	11.063419333085399
gene_196	6.604986325896535	6.436858351763383	47.45288151468383	16.273688962845984	29.30056483923333	37.16383574965427
gene_197	4.135965450009856	12.147361082573699	12.535922798610237	4.909042630021337	27.3476515469159	27.928228566017694
gene_198	2.214262767247947	11.33988462530813	26.617062040728708	1.853374104289086	14.241647043463551	4.445407127691946
gene_199	16.59117354367889	40.74620262628437	25.63220767775793	53.013537209037985	30.326883758702976	10.2877353919843
gene_200	11.57341283518547	5.777284044861824	24.295616885251597	2.121650436487197	13.15041859201466	9.457888496446781
gene_201	25.214227494331972	18.68323626542204	8.687684587266938	9.248552509745021	20.724837406256963	13.7424843286873
gene_202	2.188526651187838	21.86749091853904	10.772390181066879	49.381889879160056	4.292100620905402	20.74948195723578
gene_203	12.261367420026666	3.525743531504753	6.857118621254999	8.396516917949972	0.749484856989096	6.16186060261914
gene_204	30.07091052576703	2.3593951099545967	17.841738106071887	13.466541501194325	3.8237225312678986	2.443351536806663
gene_205	28.37906754185534	3.0289463184204575	15.366877381432133	22.782137702807987	6.781276193537159	34.75903835290055
gene_206	5.765064544607899	8.67212456851971	4.806744545447662	15.90896058921874	1.6934172215647174	4.072063475707088
gene_207	5.752049517317753	10.838477900125042	19.535484203177262	7.730596699757402	26.836581248215726	37.37082827308727
gene_208	16.358489274698208	9.405252757958127	9.282291194901775	16.242936510660464	5.138524188189239	9.120712649400893
gene_209	8.882380326448926	3.8554408492516408	6.075401982874446	27.473513955675788	9.363861194155907	9.606449221550635
gene_210	15.103239446529544	19.519271390081784	25.084902293868993	17.084377134544095	7.385180807911538	26.481590515308472
gene_211	17.357234792006942	16.43133255994024	10.000866509604373	11.484716405195368	19.970336250222925	0.35791052074262664
gene_212	9.935547562132822	2.376294606535285	25.577966112638762	9.058655804137153	4.436868646540051	6.562656144606585
gene_213	21.556878719828827	10.064574689084154	42.448996398083466	18.021539207600597	0.31465056711501616	6.014903809270099
gene_214	13.055628192230524	2.0443172686864663	20.529601752677266	3.548210894441499	28.879783237743396	10.819923643478655
gene_215	35.847709440162454	13.517436844090987	11.200481883271383	17.680502051448133	23.843646111538842	4.556865762332436
gene_216	6.812863672358207	2.7452485450180495	38.822166760130344	6.793399823506156	16.620706412879645	3.5031529170595928
gene_217	6.84456329133751	15.967651012949979	0.6745911744075059	4.12686572976896	54.919342744533964	6.84094577777167
gene_218	30.078022363501248	11.739318374412633	41.22740040736634	7.020076065778717	4.127748166437872	0.9112133735487871
gene_219	26.29152236958066	20.704388177095755	8.757569656509737	1.746958156170113	2.823530233535338	6.0206281655749585
gene_220	13.579559263071266	17.320180053162566	20.401027112775452	9.509269825533096	21.567873030867165	4.208270273768032
gene_221	5.232223076625948	14.963337322769272	11.283733081747755	21.168206918294864	14.99026155137438	21.831534568511874
gene_222	8.385512707622286	28.643449254920764	7.966630155946754	3.57579616521278	6.432058762092301	10.643713912920678
gene_223	6.838570866695081	14.410468427389166	4.830935932996622	3.7381670176614885	15.735135074690866	2.5204034342742068
gene_224	10.07396715259782	2.412988672046215	12.799487050884391	12.796742454708166	1.887620872595337	7.54886054965481
gene_225	16.33749383572754	32.37313551538586	13.638263251441597	4.283705179187172	9.338229804456123	11.422328050258251
gene_226	1.4775604192568852	17.743057812736794	43.47661952832607	19.506224119592467	5.894028059478865	18.791187365829277
gene_227	48.30077191507363	5.67004209418	20.811837592293195	7.658547594286091	33.995109236648176	2.5559595226642413
gene_228	21.942611439978975	11.38751356750603	7.220783753667078	23.858407961421722	1.91875246985428	19.98279924165432
gene_229	11.388013446999175	39.08599885257987	6.4339403206364345	3.574179770558599	8.44826112840415	52.53957585680469
gene_230	22.501103998110086	19.64406780276349	8.462585591942863	12.510745595884963	19.0056672567801	2.638356299209455
gene_231	18.211752389064056	3.2085871475495016	9.881448930634077	32.68218845126491	11.75934469176024	2.6883031670149524
gene_232	8.230961805748652	0.6321628423165921	39.879905767103885	12.831637640032838	2.137488564603021	1.5218485796131502
gene_233	11.869455310367108	4.3737811359135765	6.103742474339463	3.58665260604936	15.493251911616124	13.984313933668737
gene_234	36.38227587715494	24.867082206887993	7.735647197662377	3.723851953616001	0.04222410907432464	8.106756299019988
gene_235	4.397452453421397	35.14246764406557	18.659256137968534	4.429410235437139	12.382895161020592	0.4250856557344638
gene_236	6.174910155553556	5.2843923311212855	23.962169902458406	21.674334670153385	5.110015551287529	18.486095212105752
gene_237	15.581476325502246	13.159164373182207	21.769170735365325	28.58493033909898	10.628792632485206	7.266335340290402
gene_238	1.4604035038610308	30.055412327506833	25.62264429428715	15.71147238133271	0.468183493319009	0.43798419303737723
gene_239	7.50391215135037	9.15534354813857	90.14001373619074	0.7724372128905034	2.1971201978040473	22.467355320770004
gene_240	5.218671920352	2.9984714589412373	28.92938548426164	1.8186048941809532	22.332103741828732	25.22944548957622
gene_241	3.3737724620166136	5.053531853990114	11.921231270211495	7.464097383058814	1.1986317582964425	10.128458027149911
gene_242	13.587053255264143	23.155767095417183	3.830009979665396	72.8548959480844	8.731963835494579	5.6470454759478645
gene_243	1.265749234022159	15.592004911550495	5.3601964946025635	25.26459189047495	12.66726598998055	5.984148610775808
gene_244	2.347522658022978	14.006888820117743	21.646818396944944	11.412415700303931	7.04966266101037	5.058023156720849
gene_245	19.007279962378224	14.922235339876607	16.049632072300362	1.0994791054624655	14.78576862841968	12.62442494362072
gene_246	3.5166353475415084	6.906396096564617	4.350697663976649	14.972924015434891	6.138511978334648	7.442122932168248
gene_247	16.575555233600895	9.71454168808844	12.708369162980437	37.9017495422871	4.204304559596419	11.77204800336441
gene_248	12.113364320285193	2.532156550331078	3.156749660559315	1.9447148047438991	17.549571408271714	15.411588684105201
gene_249	2.5410272732074404	19.28431026426607	56.36426793715715	5.43660663857742	8.819467675417089	40.502033674744865
gene_250	2.400324853749486	6.616875347774878	14.486703547036432	11.022901170614126	9.999504559848697	42.64453817791405
gene_251	11.55024321469077	43.5089039964799	6.741413367980976	26.755094331412717	16.17545765250146	2.5399046525262152
gene_252	3.244295465187401	14.841466520926996	17.959360248912517	18.05872564286584	18.49766929949994	18.292489445529554
gene_253	19.944718241648395	13.511831500037301	4.394818419767241	2.953121647085623	21.548790197963775	13.60388315178658
gene_254	17.70096931135727	8.967890731830206	8.480796645612124	31.294451483271803	6.973520454888995	9.691841544014576
gene_255	2.2265504337912874	24.06680884272007	6.43182162617591	15.816183871468185	3.6199413808931853	8.060805057111233
gene_256	18.14185900274625	15.516889335562748	21.456177450001633	5.238343368973846	9.523373065146778	0.7900498334007579
gene_257	42.49958359834251	18.31303758789685	18.162146967367573	2.659628168747332	1.0322559988651558	2.9513982334809024
gene_258	10.518881263961875	16.948109106234128	18.63361130038991	15.093134932694328	1.112572595988683	15.201213828616606
gene_259	27.30888638864338	24.536818285861624	17.86651958581247	39.44149439129212	9.88608286998746	18.056608394458774
gene_260	5.011120038562968	7.5799592150606445	11.82497944741696	12.50693825392202	15.627777759894075	5.621046311118959
gene_261	12.709082352277568	14.184335747305056	11.358415727897388	0.38331365695447184	22.88978582699145	21.53117988065207
gene_262	12.006417096197312	64.49583232834064	13.504572848330076	7.153850048755441	4.112276232122039	20.20744525786851
gene_263	29.172006047416783	6.6979320067644545	11.333965894143208	4.9930982502897026	2.536033644925993	17.844574231617884
gene_264	21.63246036777187	20.2985684987549	13.020669269353869	28.007593974965946	13.692258246818854	3.23912389153056
gene_265	11.537726673042286	6.126705988141929	13.878018678100881	5.188730961966913	2.1050023117491836	9.580767270933881
gene_266	8.851834082183375	13.365503007347685	14.355865031728595	29.485991607568636	23.655539944729043	32.83117433190189
gene_267	5.184476046001069	2.5593599190405847	21.728389951870955	1.8485377434151338	14.364240733424946	39.17825582479566
gene_268	1.2609171599889502	15.742869291189514	59.54587879502558	5.453614248811095	3.3181722985550657	47.5499762898195
gene_269	5.221240524487874	31.193486045568832	15.172293338065629	6.578191626529126	7.524945794595727	0.5691026336956763
gene_270	24.713726445608817	4.9630429086574015	2.5405042958005857	57.53445083732649	14.965889779191379	4.364837194380388
gene_271	63.21809457289672	23.903352908569424	34.14325792424804	2.533380364257192	55.07026083656405	16.57571608284663
gene_272	5.458194005831183	6.673565583272155	9.387612380169328	7.586083943326946	24.916359175257096	2.7251906327257895
gene_273	4.511465823118646	20.23754513432798	12.372556982291306	29.75982147575636	3.1344401441478147	9.465377593613812
gene_274	19.4040475022016	5.290608007570992	1.4233270198599712	16.07839313150968	27.93169565885908	6.584449938824196
gene_275	5.481522849597635	12.600119433382382	10.974565682175113	4.65031546103804	37.932049996346116	15.884870618975373
gene_276	68.84715041787517	7.667707088192347	50.45244086066418	4.032494069722275	38.81814385601978	2.1785962834548096
gene_277	13.562561067919221	32.25364199413411	5.632439446466638	31.64746519260825	4.564751305537862	7.8713505358455125
gene_278	10.949132692652132	23.47555930029373	3.3074132465214063	0.6312097931634797	3.8502504037888925	10.510391045115252
gene_279	24.625487395124196	10.202933438621837	14.565830808705112	13.821395449759969	20.645055789071186	4.5906564264665075
gene_280	6.326864210576168	38.63163998881393	7.900245847346422	14.31875487711739	22.82383604414686	1.2651851686311328
gene_281	9.57100183545606	28.19439616720516	4.535181893308159	24.98810174778603	18.228429681683288	11.050094439614462
gene_282	15.851813104950068	6.3554086122155145	5.262768371967325	22.19257090423399	1.6430774957634353	17.369567063991013
gene_283	7.494712732448301	6.493745942748255	21.81678731201429	6.636906445148374	12.83016153458991	24.475127780236253
gene_284	9.115906489377805	6.791220059832936	22.22804925942366	6.876606775473198	9.700722870799945	28.059155150176267
gene_285	7.395891035389325	0.6013553933729212	15.062555045582325	2.9570605605884417	20.815257103923066	2.814541268816082
gene_286	17.861062882286326	4.0262366276756065	29.979115334593672	3.49007384289346	25.264075278314387	5.267056531090201
gene_287	2.9396632255535105	33.16447262224539	9.275357133476458	15.473571589702747	7.648702225674463	7.589720205581022
gene_288	11.043752370663336	1.8894932814581076	6.579809173917111	4.5775994499198065	21.949273655882592	5.044019424871563
gene_289	6.480234466604573	2.092543395432862	9.524376084368594	0.8754839599485847	6.334514583631092	24.534059845846453
gene_290	31.83022826857532	15.715274329890176	9.997114159172348	17.39517922893967	7.819115979422556	23.3943832456081
gene_291	10.005606225361728	12.019005127750749	36.15008224653629	4.060633900346432	59.62869055909969	22.626465748139587
gene_292	11.371217204249607	13.915118198337264	2.798493777787013	6.526819782871007	3.6142296069246282	22.841807858621046
gene_293	3.405311179602115	7.9562917643557185	3.0949391049457264	0.43105519601888453	10.065415144391661	12.288057010428409
gene_294	15.193521195629337	1.9915927918098868	35.41134467899824	18.278977003167988	8.540811149378193	42.0124856375613
gene_295	9.0900890083809	12.042621202736775	5.103489069554205	7.063305632165288	39.06541224372341	7.492890300189599
gene_296	3.927603783744669	26.199716488766423	14.849779845092762	2.124470303335866	0.9447902999579483	12.09374681562979
gene_297	10.822686132883137	8.91137070927851	38.807133159016246	30.483341005847954	19.894666208696336	3.991679634453048
gene_298	10.806710839327653	7.93478424173448	5.870730268421721	14.319174550952534	34.05091582142637	7.476071534715296
gene_299	11.299405899644723	6.037752121108405	23.077720003386254	24.02562858670472	1.7793609540421798	18.25964497666553
gene_300	4.440066563660422	43.754716847548345	31.014592715812785	13.889209136747088	2.0988551591559044	11.673165916365416
gene_301	11.982517299924389	28.91831587170182	30.507521038081784	19.9745340465419	9.10477276216133	13.718905379655702
gene_302	11.054010876760508	22.635510385774978	9.127183179637532	14.877614985238953	10.578011765832834	8.811322472597737
gene_303	26.825210737059905	4.910215361627022	4.5395179137755575	27.106199657512477	5.421453522751238	38.62351937066249
gene_304	3.2094037405983817	8.741605859617131	26.074051983262837	31.34464942398488	18.759384487587305	31.241467713185266
gene_305	23.45012268672339	5.032563372050149	3.1960284880663528	5.318064847246057	18.680925069000786	16.16549565740733
gene_306	7.693372007165133	9.31925471488001	3.418267824083424	35.77050017824847	28.374525289041866	8.244839750995682
gene_307	18.85551476587393	11.988718678528551	1.0515077046208452	12.35255822021761	12.829868695664793	2.6454965064762472
gene_308	9.574359443401232	39.33760938856978	22.64358225308839	17.05780160188246	18.25141066800021	13.9362011366548
gene_309	3.841043787804977	11.070557339054854	5.178672174815802	15.091286563962482	2.8649468600073846	28.23206532090051
gene_310	12.777270348297055	22.164452239215354	17.184143451696322	10.807649143431082	12.17102557573959	7.161107900572806
gene_311	5.4472491967592465	11.254715801471349	5.555563847088062	21.683058405638388	14.29560372686429	12.687214908278522
gene_312	19.738918276195072	9.890677717135304	20.444084492649758	38.47573876860945	6.028975186226274	10.022697371950093
gene_313	3.4523443000594556	10.615895235724544	11.673220505878621	2.9769431551636267	5.806383996619916	20.287811639398782
gene_314	37.48906468373179	5.861024852816717	9.111975029914788	28.481660315668652	14.311314578848124	25.75718562002777
gene_315	4.891881767051115	4.731548851694986	6.222420636216395	10.515850006328773	15.480513170447539	20.774262553325183
gene_316	20.990869643420496	8.289640182907037	0.5468988477529286	15.992268506862432	6.96234195823701	25.444862994852805
gene_317	2.8769002332077913	4.519001112865776	13.430553204509799	2.616673883815222	17.91064755360535	3.7962435799345013
gene_318	11.312461224626142	31.173182436573924	16.721393656359826	9.63621538558615	11.721266210760714	23.458244671679314
gene_319	16.580516896709927	6.431125024032175	9.209104918440884	15.09691863001815	5.465531783700185	20.085317529313915
gene_320	4.061894223257026	5.886888798013539	17.452475552894406	8.323901351303867	12.316417136809545	15.681500337202737
gene_321	3.542519668675891	3.9935488358976556	35.25358100634536	8.10724538170769	8.603075987300269	7.5152742491970335
gene_322	11.119206434188175	13.22910883251648	15.638180266764124	26.708793379873775	38.05676055587857	29.425185022401013
gene_323	20.445002252568134	16.925863773063913	44.320358967306205	8.93092489748563	5.99581625011507	0.2807576509249958
gene_324	14.46276623074979	1.8627354945610766	54.861327002227014	24.237959454109212	31.852405027784314	10.241992433012017
gene_325	14.467556393991096	4.865379630330479	5.2573538442686925	4.863715879766612	16.512863204627077	14.023770860319239
gene_326	33.048998419355485	10.419510458240486	3.517602269521305	31.763642338522075	6.092198559440456	7.240584562781543
gene_327	2.106159575974525	10.67762759333715	18.74624647483014	2.6629597956347517	38.435626154424924	14.619383446830431
gene_328	1.1006627679713152	40.90041116330242	26.334568206593573	34.75971506092873	28.294690803623883	23.208543017366555
gene_329	42.497139545938865	3.5802345680147014	10.649644792311534	9.21498893397056	31.5724192901757	34.46157515622372
gene_330	15.483411911437866	2.1826264761440353	3.8423136427425635	19.625562743397044	17.3358468614365	30.797224207230634
gene_331	7.491097360485459	11.41876556995799	11.837894528478978	5.864999962658154	5.8675462215706045	8.12622046029466
gene_332	13.24911063606085	7.578144159139586	23.635591903502174	8.191834313302977	47.354123805543665	7.524234460426838
gene_333	26.01097034671037	11.896244936602834	0.10764563735875608	4.849490717883763	2.134099501897908	1.2531391930676958
gene_334	2.3529784802418954	5.782509855077766	7.5311879171804454	7.071391629374311	20.838723188702875	25.322966482160226
gene_335	18.026363199322365	29.903981359921417	15.36031925156186	11.924617899595521	10.900677301944102	39.13161707476042
gene_336	12.934224368252945	31.34240886520893	4.686995727218781	19.99828650905913	8.199010823093557	14.588624440355824
gene_337	3.8755843892541852	58.31985728590156	19.177355180958973	6.397269138670104	16.34540907188344	2.645657119628818
gene_338	4.189829497263851	26.64474585373079	6.1859357957543875	18.92301118633426	2.8295549923479335	1.2241845385141228
gene_339	11.097026473836634	3.623331972140039	6.92284149205204	26.955187928635453	10.799346933049163	18.57782481134112
gene_340	11.890548320337608	14.736208086340936	1.634925815421921	16.026921859606322	8.047530575438214	35.831893190879796
gene_341	27.274116406899637	4.855820861895374	12.651693855192981	8.906466614788917	18.934789887204047	6.212956580488545
gene_342	8.149729175968645	9.13519696277627	30.63864980327211	9.888695565517265	16.220521650157746	10.790611298120021
gene_343	4.746872634109031	6.974564436909842	19.67899421691377	6.679928172377727	0.9485141329356639	3.704419508378444
gene_344	21.036170543724207	4.029807969530168	34.096509627258044	16.71734781392956	19.34284914667122	10.874089776799337
gene_345	10.976573077545806	10.793065668189495	41.12704161555407	6.4411152383647385	10.788570820480443	18.177403151625434
gene_346	29.38257248218976	9.34742598309455	22.82004156240174	85.84672815047233	12.531339047408	7.948915679314004
gene_347	10.464957455940244	7.044827805254663	5.991897148464994	0.13596258700338754	12.132490275132103	1.8472172304185832
gene_348	24.751307459576477	25.362352967794514	5.686009085012959	28.280185504707095	7.873881234268161	1.1320545151030332
gene_349	15.304679280369172	7.5541171531303775	28.777338468473758	10.371464474125812	2.5562804237378627	1.0342230520514801
gene_350	2.370297558602565	16.965806920075117	7.8608746173415	29.610016643679806	13.756902800535176	6.358050504854687
gene_351	16.03323613687305	13.90599566994641	0.8321881090935563	20.741945969261156	16.48812137069006	6.950938763873524
gene_352	1.7876519275797234	15.777501330598316	15.202273549394803	3.3105999054426456	21.720899478370143	7.604027799073144
gene_353	17.291486323721724	1.199798978049897	27.214584660858062	4.186329977487762	27.956133060486145	1.2419260633673876
gene_354	2.175825549872932	11.336203354375447	13.23334038686847	27.428730811128908	1.3772709953064675	83.1250911866882
gene_355	3.155426178268805	25.766796378889907	14.089749170557317	5.936067817544806	10.251801314082797	11.518657861957148
gene_356	10.804226360794793	5.063690291820237	34.204958834235654	13.645225116413098	16.730458049906183	8.374397298745874
gene_357	20.297353119533398	31.397419478730267	4.702009007565712	11.886827910168789	20.836030891060325	20.88823486593537
gene_358	7.950820241002336	6.563140910381678	7.904004395371846	10.40082088542211	31.9030957464036	27.681502531761197
gene_359	21.708771371291245	5.186962794503486	20.242535203772086	7.819871218676858	9.60446753347872	5.467613365258954
gene_360	38.8045255976254	10.716367506404678	11.958038279063764	1.7630748089194745	20.116196409519805	6.586078939182309
gene_361	2.262605528952006	1.2479838036727005	15.80979877597789	11.9503383064546	11.726116947064547	8.560036859581766
gene_362	35.42677983322531	14.024727217391126	17.934989433670523	22.477056104955228	21.736622706351	1.2855095472977869
gene_363	4.107289064182706	4.509821782064899	11.550740294602406	22.573564171491014	12.24735924388173	12.968440948903076
gene_364	18.58736657104274	7.072420575493489	4.9938434919771675	4.142742352238637	33.594381523136356	6.707964893693722
gene_365	11.509229178210802	8.808205009987361	2.1677822045964676	28.1270752674418	18.916500426901052	28.283984615485785
gene_366	15.531101051049864	27.735934391376894	5.124289846002862	4.706094725095651	0.3755953100672623	14.260914972515163
gene_367	19.05342345797687	11.865425719550709	1.061371493183899	1.639112788704742	19.251344757304686	23.28754560243656
gene_368	3.977197916028339	11.716217640675078	22.280457762390093	8.844843626111526	12.606453935628075	1.9267694479901825
gene_369	11.277146857660245	17.65546295579285	7.576472933899048	24.646016832202918	4.7035232273009	1.3619327557928291
gene_370	8.705044872919787	4.577062837636695	17.23567016361732	14.640233240958121	3.0095470740493373	2.6153685177800865
gene_371	15.498932878074408	16.94937970966194	31.58867550918088	6.267750044715656	16.500032188736157	10.341104866076654
gene_372	5.2735924201181925	8.469989144320293	6.670796361694946	37.68664512262558	31.354782216538247	14.802182516554447
gene_373	6.140566037477257	10.312717545112752	11.43388491305945	4.763314074416707	17.31512815027161	2.75186789171145
gene_374	2.8785711655527324	5.178678073020524	23.921418053261835	7.038943009647395	12.931592254364212	14.535927133710477
gene_375	15.928473961645278	11.478703770024072	5.0817868913737385	22.83463373823524	8.371806159399085	25.093662534528885
gene_376	21.273015635838068	17.128251064092478	1.652590708733816	9.306955990673485	11.130498225579423	12.361828408210192
gene_377	3.7338018559255697	4.264740673938184	18.241400592305567	4.547353510608392	19.13980884749106	4.058839423898711
gene_378	0.9456432855951007	9.996187015180217	5.973766906449969	42.90793740357324	27.02362431110479	11.255324458844164
gene_379	15.165032586015101	9.918148466982657	13.423846426208028	1.1062241613145105	1.2608932907710144	11.89748221794581
gene_380	9.906512167239041	16.714263316014158	31.409901389984416	13.073784457511072	42.166206646441644	3.5037552703777726
gene_381	13.15285221832194	6.49391097702307	7.498838501592875	13.344361471135151	32.63044452637253	13.992892783914513
gene_382	16.39769315407311	13.8524961009473	25.970455113904237	16.797994971825915	9.527609692687353	5.739345002628359
gene_383	7.616858481979949	0.7987017990823213	19.5818637270921	0.8460768074872582	4.934980164438282	10.803698029349542
gene_384	18.348433888558993	7.551218089997169	3.046197901171625	30.579263780894458	10.249551775809685	18.68827612695513
gene_385	14.549872860023997	15.635677395370527	1.2968607071225866	0.587443703144245	5.573152944707677	28.253772286096954
gene_386	7.165814783836886	9.4947119118252	6.2523898999196845	9.12933075142155	12.584063238869803	4.926014618124782
gene_387	13.917552685514128	2.854794953431006	6.9763715779371935	68.71404249275989	20.36954306298678	17.48194051315367
gene_388	4.982860501307407	5.504889274459003	13.746767311156729	1.5431079689552705	6.719111649351465	3.541062813744906
gene_389	11.544601568222523	28.120225212706046	17.88923626960839	3.401264060109843	26.20548683854491	28.590348464600176
gene_390	6.854877811876902	23.492403610897373	39.78470069230069	1.5381397558311891	18.576867547237786	2.136341675963168
gene_391	14.517121098277386	17.848615726247413	9.995329623115829	10.546732717046597	16.86716662357602	1.6258763856721503
gene_392	44.16692944235759	28.50986774978406	25.223875133508567	23.752998445236464	11.397504660094484	6.92038047423453
gene_393	15.85793377638021	2.9140852538139446	1.2808033456214687	18.813029955824504	10.318843602856083	6.535884825084417
gene_394	9.938497288743932	21.17188715536888	9.003290772114646	8.633641300667291	2.594286030581582	12.399599885163756
gene_395	17.88827213973881	11.085877004008342	10.181314329312327	30.4320406546711	12.987618436723288	36.097125053634215
gene_396	8.800548727791364	19.470537611677244	17.108542046691465	14.74483963161765	6.518311547830366	7.472695302641394
gene_397	11.416629783102842	14.684541027991386	60.17438259626259	15.063207210938947	32.42380306806976	2.8191245887960585
gene_398	25.639518436588638	12.15067339374195	19.07367004423629	9.72167695288563	39.31926109900563	8.356703272616283
gene_399	10.640777534576857	13.528945562980786	5.336251718172541	8.09308521309133	3.118162025620284	41.78139879211265
gene_400	1.738105927504533	5.791535926313105	0.7830852084247603	7.569456818444346	5.840263406665581	4.182499368465889
gene_401	6.320694811690767	2.2937800105549266	2.966083173787408	54.77648634135872	20.29149993897554	19.809920061242494
gene_402	5.232014350098217	40.62258290604142	27.411060677485235	40.786114600239394	12.738891262364398	27.627100678240698
gene_403	3.4717683490452216	0.6398159000182781	6.157303524577472	29.233336345568432	3.2588153129430513	10.631687179875641
gene_404	16.12787046334261	9.880861473580758	5.888103547026764	16.821466111115818	17.30684706934166	6.837606786864265
gene_405	24.30079526652932	2.6661670178239443	13.161533981017064	3.7853291514854464	6.940547685325162	24.849087297611085
gene_406	7.322885657777855	13.730722632922683	22.659150690620603	5.381238550497308	9.374091395967435	9.016581072677788
gene_407	19.873486059193358	19.504136559349778	2.4507536792668647	17.211186363875267	19.07639324371723	1.6009161609183602
gene_408	5.679447314898846	20.179428554608172	6.315161830603056	4.3753769611642985	2.970599901515514	12.561300780994708
gene_409	4.320338675815053	4.982817053037224	21.985040144798607	4.076365847314972	39.25907973157844	8.65244050677313
gene_410	20.10153370359612	4.65178514580119	3.6378583797412745	10.9347484065428	3.292059817263401	9.972885578234834
gene_411	11.159476868548603	7.408114705465268	26.587924261297186	2.240426297765411	12.136639054773443	28.449802589421708
gene_412	13.049142459312284	5.333137677637607	9.932601369909019	4.6012277880620704	40.04609301612003	7.719124061777272
gene_413	13.541674802444614	4.315204261905974	15.837521730113505	8.316560419962968	10.625290960040417	10.109514699562839
gene_414	5.370120283873946	13.610614090060256	28.18549584872295	6.881577117945748	12.376036308136857	4.722417573314269
gene_415	8.064784781351412	4.2840946660129955	29.521009304288874	6.7808950768255265	8.552109118082688	1.3974623706907825
gene_416	23.428052058904456	8.546697052855569	31.153507624899383	26.51777964468313	14.483442946254662	44.892267223819545
gene_417	4.770007087524288	22.924155633157397	8.509298429758434	9.672513328473963	27.668559308797327	18.062468908976015
gene_418	51.21101941287045	17.03549159041636	31.709964740353552	10.547601682817449	16.105665315504872	0.8802259453747503
gene_419	3.881602858642127	6.959352996901829	26.206126224802798	14.65958160988474	37.94385844425881	4.185074830898904
gene_420	6.461405739463774	8.68047644851126	14.067258440418009	13.507559332681485	23.282476457861495	72.9193520959587
gene_421	44.79121328672883	11.348522661664726	17.701375697652402	43.535603087981244	7.337635992853505	5.00288573777129
gene_422	4.514392455646842	21.263418559474236	9.94357209898749	1.7243517181686143	10.46460170739131	19.83085262308648
gene_423	15.198789015270656	6.2045877258317645	27.551532005206237	13.427203044974256	2.3203907112074633	23.255409611768613
gene_424	9.326926449117458	33.99330439266728	20.08046282986331	8.734871119583573	9.066707367649157	7.224431555833718
gene_425	14.578954239922144	21.896816110372317	2.9471560809899717	22.35721689250042	18.0138509825963	17.169938209583535
gene_426	15.508392433331295	6.629948605050972	10.553123199251575	28.81112479016917	24.232969617621514	1.9668353149383058
gene_427	3.786739007915991	5.5545015914521025	2.627375127875164	0.40509902982324275	19.209332383347853	3.3620521649327033
gene_428	3.7236719653715427	8.132571037219433	16.050614860289237	7.0514958237880565	21.15627257314566	6.242704694728788
gene_429	1.4222435328253642	20.509329783547678	12.888887469443489	6.68076862059313	5.328470012938911	1.9043729997439305
gene_430	12.11496692096539	6.362650989255797	2.4486550736050905	15.28270074427497	3.5533428142401453	27.16693083774323
gene_431	18.577470270368558	20.053689874176094	3.0916992894894486	42.715874254326835	8.033039867145405	7.713831725952592
gene_432	7.501437651083949	10.528019003322818	4.507367662761004	11.330509260907975	27.638514498231203	3.6588931341143804
gene_433	6.616478310882464	6.069362222247234	23.32589566338619	19.716179406410404	40.074451031390026	2.3016005404976365
gene_434	23.181792826077697	23.427719207009172	14.367190664293929	4.77177028360303	18.225124710243765	28.537241110141053
gene_435	18.37037520357723	5.387228949310003	8.799882473220945	6.027439767134618	7.02386963819682	8.218746860675331
gene_436	0.4393977698287944	9.214127002605524	8.148159601280675	68.55406233198917	7.513437513866971	27.544233709912014
gene_437	1.3587858162264645	6.0557868490916125	13.61654701004576	24.165587777019446	30.32575030885144	0.8182053473836244
gene_438	27.52442909694246	5.655005612560368	7.17927190368637	4.965565757502031	19.540510514285646	24.478407964761445
gene_439	9.750620728892752	22.653039629225724	5.7231609278810005	6.097382994044066	0.9824393424204702	1.101655119521911
gene_440	54.86590867769465	46.69650374209045	15.170882449969465	5.004752004096533	7.180667214151063	21.92272103725539
gene_441	19.779711685201132	17.438591048369616	3.1292401437462307	3.078490339422974	5.196268239069889	12.077981173754837
gene_442	59.86522236525804	4.215594276665465	2.1278630665340548	8.648328179115602	11.170912179248862	16.03520226982703
gene_443	23.387461279321123	8.246069904896363	4.540201469242955	5.206087772692176	16.971971074753448	11.977084952437933
gene_444	7.881893931383742	38.274332539560106	8.06572118411622	16.596063828599874	15.58365794696752	8.976124661275911
gene_445	3.9281459511685473	74.53188975983466	64.67062886951405	2.0746834592489147	28.865264551194798	28.59443249885203
gene_446	8.52777913798067	14.12666794975669	4.757971405959949	10.012411127318266	18.36199374609544	10.507552257608896
gene_447	10.339766381528491	43.27043150632078	58.24467531183829	20.786184756451526	5.8825977866538945	9.695666189766126
gene_448	4.757648302474066	29.885817126720614	10.5240196346857	5.976146938896988	20.225010056520553	8.950121717668024
gene_449	15.258776266117604	7.6872083915641065	19.50839400206463	8.155579573583351	2.7828381914667566	4.149568285062936
gene_450	28.114987829899025	9.441110824033885	1.7302572884042824	22.03567984445079	9.258216955640053	15.652748041291
gene_451	18.646232899850112	2.9235258751870545	22.03785728747693	0.5395238623831846	27.11733402283961	31.07218542523265
gene_452	0.5158377034608841	20.092922928536026	2.4905668402399854	1.8850933686295879	11.8061519118963	15.804174185121337
gene_453	4.9385413388049155	12.433879288801325	37.116443437756296	4.433694885316245	41.846172529317286	13.53314945572318
gene_454	2.964646234429872	27.415180720608202	61.129289773681194	14.23929481240085	3.711594363232652	2.1470399268549167
gene_455	31.06176694346669	7.619195758200038	15.798687853122772	14.022879776494632	24.740806824873296	8.265109973690663
gene_456	7.652715682872712	29.673976647265555	7.387899987609352	2.8589392307924646	21.300093051508846	28.616052867865317
gene_457	39.14919791741158	23.320493220691077	14.013275810888253	25.234536442577845	13.122560802986412	9.817259566999835
gene_458	11.024052572503729	29.147848692165738	19.60222422400132	29.080585241303297	10.182022562799002	8.893622841040568
gene_459	11.08758805461729	15.607178478587562	8.324154827351215	10.394086465950904	20.8378194062076	23.42002947345131
gene_460	39.07900362385039	10.763567951937048	11.946195439888193	4.32355905513034	31.045796295596467	18.339599220231683
gene_461	10.652866447817559	6.893141091569991	18.270453390067615	16.842604156128942	6.604185830110455	40.235955520410954
gene_462	12.336292794833913	10.796879260411812	7.113359210216579	33.739243834964874	41.88320974821933	10.952358693223339
gene_463	6.637723368766714	12.253791658290165	17.803420220569077	18.692252687826446	5.49610198378015	1.7558952214121182
gene_464	29.820846706937715	23.40165142425559	15.876730516787696	9.033390698176108	9.08429465876399	11.46606772620223
gene_465	14.085775454823363	5.5665875239039195	39.55727831855234	11.568368023561009	13.763032877499535	29.201430053503174
gene_466	7.84885172298705	12.73019453090569	2.3473134394082833	9.673213863063317	10.358801017527579	54.69892342063868
gene_467	44.38798809384864	17.337995626135545	2.5134036112889646	1.2477417393268675	10.36298734716019	0.6034536093148315
gene_468	1.9958881123491137	27.872077175385726	3.427376328944003	8.139117492522237	7.044371400596464	25.43048186338728
gene_469	7.68162799758737	3.6268948747482	7.524365316561944	8.172441331456078	14.76310287882795	20.63383064559026
gene_470	1.8183751543797144	2.998597425934531	2.778565383977471	18.63153127997392	17.931548926807416	6.371718707896759
gene_471	12.048713282374468	5.256468636130462	4.744423786913288	6.485269955284312	3.350423880844055	25.117240462232576
gene_472	13.75611414242444	10.831579928055415	26.834885983777482	7.992369703636179	16.723503618844873	6.720371392659656
gene_473	16.65801750513431	43.655628848606895	18.041584906174677	53.646278091959644	6.374462604527402	4.629091907343104
gene_474	14.467870413251875	20.47559733132756	16.72032562552942	8.551642658714337	14.644350032483723	19.604922634622795
gene_475	9.211088021991237	27.85853481509122	1.0761427541420368	25.290647033585763	31.557636194419366	5.298201396126295
gene_476	17.47886457615119	5.647912822166737	7.8078857691315395	18.887416745451173	3.971457558671327	0.8220951561503093
gene_477	14.161062602340381	24.993753728793582	10.407651135199687	6.846393620239088	4.223889050590677	33.19010747541001
gene_478	18.276962649490162	18.540177950503065	28.02753088480113	47.05118130200375	14.781728333965747	18.102704960924434
gene_479	20.425522514095064	1.5730868505810423	12.87920649221581	10.038509916766854	16.844405587837148	20.70030488127734
gene_480	20.181679625291636	6.398108345058019	5.089459781358877	3.156307085070643	3.1042931089168406	12.44403025484683
gene_481	12.6507298537887	1.4953713867442964	20.41706113905793	37.137325405987575	27.61007366367543	3.933779731467897
gene_482	1.4864971405985954	11.40603125861797	3.8758616468907188	6.256950914860809	6.998055281686231	32.05900257671233
gene_483	7.518979328309251	2.8576384619833255	3.3286809243894666	7.285901895771642	22.368109636377778	9.267982943674173
gene_484	7.943667897356668	14.820778080674359	13.05160850128199	36.724032694954076	10.823495811088586	65.40298071742033
gene_485	3.7208295582577633	17.378066411235473	8.272551121682351	6.68829903500456	17.844581194881325	21.311640812885706
gene_486	3.810865995075666	13.369235685521009	9.954097811369987	15.839574151561667	11.468105646906599	24.37130484020851
gene_487	16.19299722006064	27.585363236522205	52.817614130477224	11.899855635421648	20.63872880252401	10.833626453260718
gene_488	39.71138401164727	27.061467970018978	7.31642527670465	3.05431809712239	5.560738399391356	45.2079333057666
gene_489	5.1069736027697115	24.011845384014592	76.2343459989242	9.787210981951276	13.82726916535333	14.27441593305203
gene_490	33.685107662975966	10.458746464412092	8.58259119568921	2.1518731733786254	16.919110661376454	0.8582043128565
gene_491	24.705342663549207	25.104569669232255	4.707604252682881	3.112315055178012	18.214950489884284	2.5831147887631496
gene_492	16.900431926360657	9.334211212499762	18.360030174346026	40.55457711772161	18.39971302843862	4.2395824628208185
gene_493	11.271907616789473	5.118920612922225	26.566666984553958	16.12574819900812	7.945439291955873	12.362919729851736
gene_494	9.3265636690228	18.301991761390074	11.554193628579243	13.781182514811228	3.1743940954011984	12.301290671699823
gene_495	17.131598192008106	22.56567103308196	21.692560900790212	6.2305316469984735	3.7793487910888564	15.474746360958818
gene_496	12.262726991704689	7.487034666855247	2.3062568422314005	16.28276485213036	4.225422703613255	35.41347955194591
gene_497	6.874173145094415	1.9336981436854819	7.146597994369273	14.431260437458668	3.0282609181419344	27.628753369725448
gene_498	18.719908182514295	46.402694592526686	15.203285523570448	11.454622115433967	9.728960596484445	20.185214253940863
gene_499	23.917162628060336	8.102244949286874	5.9258786475540575	29.873395424372482	12.256313925428364	5.681603135327596
